ambient[]={1.000000,1.000000,1.000000,1.000000};
diffuse[]={0.300000,0.300000,0.300000,0.000000};
forcedDiffuse[]={0.000000,0.000000,0.000000,0.000000};
emmisive[]={1.000000,1.000000,1.000000,0.000000};
specular[]={0.000000,0.000000,0.000000,0.000000};
specularPower=0.000000;
renderFlags[] = {};
PixelShaderID="Normal";
VertexShaderID="Basic";
