surfaceInfo = "fza_ah64_us\tex\fza_ah64_glass_16mm.bisurf";
ambient[] = {0.490196,0.592157,0.556863,1.0};
diffuse[] = {0.490196,0.592157,0.556863,1.0};
forcedDiffuse[] = {0.0,0.0,0.0,0.0};
emmisive[] = {0.0,0.0,0.0,1.0};
specular[] = {0.0,0.0,0.0,1.0};
specularPower = 1.0;
PixelShaderID = "Normal";
VertexShaderID = "Basic";
